0 ||| 3292 114 1231 ||| 1.04858e-06 ||| replacement viewsonic vg710 lcd monitor 48watt ac adapter 12v 4a ||| 11 4
0.21931 0.170022 0.0490266 0.0432337 0.0808486 0.405639 0.00710778 0.0116385 0.00213542 0.00651031 0.00452789
0.0319006 0.0335183 0.0245031 0.0112781 0.0158612 0.745921 0.0165347 0.023661 0.0314832 0.0177993 0.047539
0.130164 0.0369602 0.0569819 0.0241283 0.0487482 0.420914 0.111909 0.112551 0.0378319 0.00842542 0.0113857
0.0207696 0.116714 0.115152 0.0563023 0.107163 0.163841 0.0635304 0.0637788 0.0635141 0.0925952 0.13664

2 ||| 2296 3597 2989 ||| 0.00134488 ||| bonjour ||| 2 4
0.482304 0.517696
0.920835 0.0791651
0.99486 0.00513992
0.445063 0.554937

20 ||| 1608 2227 574 2226 ||| 0.000121835 ||| gucci womens eyeglasses 3517 ww2 / 14 plastic rectangle black crystal frames ||| 13 5
0.850318 0.0463139 0.0191715 0.0115225 0.00854613 0.00187167 0.00153626 0.0079381 0.00282367 0.00536506 0.00133479 0.0365648 0.00669376
0.0160128 0.0304205 0.530734 0.0485463 0.0418873 0.00917615 0.0206765 0.0208665 0.0101888 0.0245385 0.0392938 0.164571 0.0430871
0.186787 0.252131 0.100035 0.0751338 0.0338367 0.0136862 0.0234631 0.0438646 0.0458263 0.0226479 0.0989011 0.0734652 0.0302222
0.0046788 0.00555993 0.80566 0.0210037 0.0126584 0.00169584 0.00996252 0.0237699 0.0121752 0.00409178 0.0170722 0.0775762 0.00409497
0.0204216 0.00732048 0.00264539 0.142089 0.116964 0.0259387 0.0165339 0.0390157 0.017682 0.0178516 0.043726 0.156387 0.393425

77 ||| 2296 3597 689 ||| 0.414373 ||| asiatisch ||| 2 4
0.0596469 0.940353
0.453925 0.546075
0.31169 0.68831
0.222498 0.777502

280 ||| 1608 2227 3874 4551 ||| 0.0308081 ||| oakley frogskins oo9013-78 sunglasses ||| 5 5
0.109363 0.210321 0.640586 0.00427847 0.0354514
0.046548 0.0580972 0.116832 0.514507 0.264016
0.248388 0.221972 0.440671 0.035759 0.0532098
0.00637178 0.0261286 0.0085363 0.952179 0.00678416
0.0831716 0.242999 0.203629 0.0367442 0.433455

4688 ||| 3292 1370 289 4073 ||| 4.20496e-06 ||| xerox 006r01278 toner , 8000 page-yield , black ||| 9 5
0.186052 0.742234 0.00396652 0.0165827 0.0248694 0.0195909 0.00278603 0.000984916 0.00293279
0.0938979 0.429595 0.0213181 0.0763864 0.0490935 0.143808 0.05177 0.0251483 0.108982
0.273305 0.170114 0.16677 0.058682 0.125524 0.169355 0.0132208 0.00521964 0.0178095
0.00809058 0.0756103 0.0116712 0.0798469 0.583976 0.163886 0.0398232 0.00517949 0.0319158
0.00767998 0.0735932 0.00365688 0.0486683 0.157203 0.0345311 0.120887 0.163396 0.390385

9811 ||| 92 ||| 1.88422e-06 ||| buy enlarge 0-587-00013-9c12x18 marvelle- canvas size c12x18 ||| 8 2
0.505322 0.481671 0.00356525 0.00844305 0.000126647 6.17456e-05 0.000756638 5.4245e-05
0.224816 0.172856 0.326671 0.243184 0.00504339 0.00211124 0.01683 0.0084882

103642 ||| 4015 4245 2682 ||| 0.0938724 ||| buy enlarge 0-587-16344-5p12x18 halted- paper size p12x18 ||| 8 4
0.126669 0.872324 0.000438877 8.86008e-05 3.6129e-05 2.4283e-05 0.000388326 3.03862e-05
0.541178 0.358502 0.0680724 0.00893352 0.00335953 0.00241407 0.00798075 0.0095601
0.285974 0.274284 0.278315 0.0625937 0.0171883 0.00362518 0.0677913 0.0102288
0.0357387 0.0287565 0.277174 0.263132 0.130156 0.0485657 0.0332984 0.183178

104590 ||| 3625 2221 2634 3348 ||| 0.0217769 ||| braun 7865cc series 7 shaver ||| 6 5
0.60979 0.0139325 0.00380227 0.00223238 0.306139 0.0641037
0.30649 0.0161167 0.0127632 0.0103765 0.61454 0.0397128
0.19514 0.0551362 0.0367654 0.0210654 0.610849 0.0810441
0.165778 0.108079 0.0858067 0.101866 0.420394 0.118076
0.109801 0.212142 0.0387389 0.0670624 0.0578843 0.514371

56035 ||| 3292 1370 289 4073 ||| 3.25785e-05 ||| xerox <unk> toner , 3500 page-yield , black ||| 9 5
0.0679094 0.136 0.0489177 0.0345545 0.12089 0.0162263 0.446705 0.0267685 0.102029
0.0126928 0.213459 0.0350141 0.0394582 0.168315 0.0170631 0.171756 0.0713539 0.270888
0.0263577 0.842473 0.0346936 0.00618485 0.0271064 0.00274506 0.0438497 0.00805559 0.00853435
0.00520717 0.28092 0.174335 0.0282773 0.170581 0.00250669 0.202553 0.0653868 0.0702331
0.00586269 0.0163485 0.00260314 0.0156444 0.0587335 0.00644331 0.0639059 0.172234 0.658224
